0
2737
5432
8041
10524
12840
14954
16832
18444
19766
20776
21458
21802
21802
21458
20776
19766
18444
16832
14954
12840
10524
8041
5432
2737
0
-2737
-5432
-8041
-10524
-12840
-14954
-16832
-18444
-19766
-20776
-21458
-21802
-21802
-21458
-20776
-19766
-18444
-16832
-14954
-12840
-10524
-8041
-5432
-2737
0
2737
5432
8041
10524
12840
14954
16832
18444
19766
20776
21458
21802
21802
21458
20776
19766
18444
16832
14954
12840
10524
8041
5432
2737
0
-2737
-5432
-8041
-10524
-12840
-14954
-16832
-18444
-19766
-20776
-21458
-21802
-21802
-21458
-20776
-19766
-18444
-16832
-14954
-12840
-10524
-8041
-5432
-2737
0
